-106.05457089552239 90.62126865671641 0.0018656716417915999 
-94.62599946695096 90.62126865671641 0.0018656716417915999 
-83.19742803837954 94.62126865671641 0.0018656716417915999 
-71.7688566098081 95.62126865671641 0.0018656716417915999 
-60.34028518123668 96.62126865671641 0.0018656716417915999 
-48.91171375266524 96.62126865671641 0.0018656716417915999 
-37.48314232409382 98.62126865671641 0.0018656716417915999 
-26.05457089552239 98.62126865671641 0.0018656716417915999 
-14.625999466950972 98.62126865671641 0.0018656716417915999 
-3.1974280383795275 96.62126865671641 0.0018656716417915999 
8.231143390191903 96.62126865671641 0.0018656716417915999 
19.65971481876332 92.62126865671641 0.0018656716417915999 
31.08828624733475 92.62126865671641 0.0018656716417915999 
42.516857675906195 88.62126865671641 0.0018656716417915999 
53.94542910447761 88.62126865671641 0.0018656716417915999 
-106.05457089552239 89.66719179281033 7.248798934512372 
-94.62599946695096 89.66719179281033 7.248798934512372 
-83.19742803837954 93.5308950979666 8.284075114922455 
-71.7688566098081 94.49682092425567 8.542894160024975 
-60.34028518123668 95.46274675054474 8.801713205127497 
-48.91171375266524 95.46274675054474 8.801713205127497 
-37.48314232409382 97.39459840312287 9.319351295332538 
-26.05457089552239 97.39459840312287 9.319351295332538 
-14.625999466950972 97.39459840312287 9.319351295332538 
-3.1974280383795275 95.46274675054474 8.801713205127497 
8.231143390191903 95.46274675054474 8.801713205127497 
19.65971481876332 91.59904344538847 7.766437024717414 
31.08828624733475 91.59904344538847 7.766437024717414 
42.516857675906195 87.7353401402322 6.731160844307331 
53.94542910447761 87.7353401402322 6.731160844307331 
-106.05457089552239 86.8699799626807 14.00186567164179 
-94.62599946695096 86.8699799626807 14.00186567164179 
-83.19742803837954 90.33408157781845 16.00186567164179 
-71.7688566098081 91.20010698160289 16.501865671641788 
-60.34028518123668 92.06613238538733 17.001865671641788 
-48.91171375266524 92.06613238538733 17.001865671641788 
-37.48314232409382 93.7981831929562 18.001865671641788 
-26.05457089552239 93.7981831929562 18.001865671641788 
-14.625999466950972 93.7981831929562 18.001865671641788 
-3.1974280383795275 92.06613238538733 17.001865671641788 
8.231143390191903 92.06613238538733 17.001865671641788 
19.65971481876332 88.60203077024957 15.00186567164179 
31.08828624733475 88.60203077024957 15.00186567164179 
42.516857675906195 85.13792915511182 13.00186567164179 
53.94542910447761 85.13792915511182 13.00186567164179 
-106.05457089552239 82.42025852993974 19.80085554486512 
-94.62599946695096 82.42025852993974 19.80085554486512 
-83.19742803837954 85.24868565468594 22.62928266961131 
-71.7688566098081 85.95579243587248 23.336389450797856 
-60.34028518123668 86.66289921705904 24.043496231984406 
-48.91171375266524 86.66289921705904 24.043496231984406 
-37.48314232409382 88.07711277943213 25.457709794357502 
-26.05457089552239 88.07711277943213 25.457709794357502 
-14.625999466950972 88.07711277943213 25.457709794357502 
-3.1974280383795275 86.66289921705904 24.043496231984406 
8.231143390191903 86.66289921705904 24.043496231984406 
19.65971481876332 83.83447209231284 21.215069107238214 
31.08828624733475 83.83447209231284 21.215069107238214 
42.516857675906195 81.00604496756665 18.386641982492026 
53.94542910447761 81.00604496756665 18.386641982492026 
-106.05457089552239 76.62126865671642 24.250576977606073 
-94.62599946695096 76.62126865671642 24.250576977606073 
-83.19742803837954 78.62126865671642 27.714678592743827 
-71.7688566098081 79.12126865671642 28.580703996528264 
-60.34028518123668 79.62126865671642 29.446729400312705 
-48.91171375266524 79.62126865671642 29.446729400312705 
-37.48314232409382 80.62126865671642 31.17878020788158 
-26.05457089552239 80.62126865671642 31.17878020788158 
-14.625999466950972 80.62126865671642 31.17878020788158 
-3.1974280383795275 79.62126865671642 29.446729400312705 
8.231143390191903 79.62126865671642 29.446729400312705 
19.65971481876332 77.62126865671642 25.982627785174948 
31.08828624733475 77.62126865671642 25.982627785174948 
42.516857675906195 75.62126865671642 22.518526170037195 
53.94542910447761 75.62126865671642 22.518526170037195 
-106.05457089552239 69.868201919587 27.047788807735703 
-94.62599946695096 69.868201919587 27.047788807735703 
-83.19742803837954 70.90347809999707 30.911492112891978 
-71.7688566098081 71.1622971450996 31.877417939181047 
-60.34028518123668 71.42111619020213 32.84334376547012 
-48.91171375266524 71.42111619020213 32.84334376547012 
-37.48314232409382 71.93875428040717 34.775195418048256 
-26.05457089552239 71.93875428040717 34.775195418048256 
-14.625999466950972 71.93875428040717 34.775195418048256 
-3.1974280383795275 71.42111619020213 32.84334376547012 
8.231143390191903 71.42111619020213 32.84334376547012 
19.65971481876332 70.38584000979205 28.979640460313842 
31.08828624733475 70.38584000979205 28.979640460313842 
42.516857675906195 69.35056382938195 25.115937155157567 
53.94542910447761 69.35056382938195 25.115937155157567 
-106.05457089552239 62.62126865671642 28.00186567164179 
-94.62599946695096 62.62126865671642 28.00186567164179 
-83.19742803837954 62.621268656716424 32.001865671641795 
-71.7688566098081 62.621268656716424 33.001865671641795 
-60.34028518123668 62.621268656716424 34.001865671641795 
-48.91171375266524 62.621268656716424 34.001865671641795
-37.48314232409382 62.621268656716424 36.001865671641795 
-26.05457089552239 62.621268656716424 36.001865671641795 
-14.625999466950972 62.621268656716424 36.001865671641795 
-3.1974280383795275 62.621268656716424 34.001865671641795 
8.231143390191903 62.621268656716424 34.001865671641795 
19.65971481876332 62.621268656716424 30.00186567164179 
31.08828624733475 62.621268656716424 30.00186567164179
42.516857675906195 62.62126865671642 26.00186567164179 
53.94542910447761 62.62126865671642 26.00186567164179 
-106.05457089552239 55.37433539384583 27.047788807735703 
-94.62599946695096 55.37433539384583 27.047788807735703 
-83.19742803837954 54.339059213435746 30.911492112891978 
-71.7688566098081 54.080240168333226 31.877417939181047 
-60.34028518123668 53.82142112323071 32.84334376547012 
-48.91171375266524 53.82142112323071 32.84334376547012 
-37.48314232409382 53.30378303302567 34.775195418048256 
-26.05457089552239 53.30378303302567 34.775195418048256 
-14.625999466950972 53.30378303302567 34.775195418048256 
-3.1974280383795275 53.82142112323071 32.84334376547012 
8.231143390191903 53.82142112323071 32.84334376547012 
19.65971481876332 54.85669730364079 28.979640460313842 
31.08828624733475 54.85669730364079 28.979640460313842 
42.516857675906195 55.89197348405088 25.115937155157567 
53.94542910447761 55.89197348405088 25.115937155157567 
-106.05457089552239 48.621268656716424 24.250576977606077 
-94.62599946695096 48.621268656716424 24.250576977606077 
-83.19742803837954 46.621268656716424 27.71467859274383 
-71.7688566098081 46.121268656716424 28.580703996528268
-60.34028518123668 45.621268656716424 29.44672940031271 
-48.91171375266524 45.621268656716424 29.44672940031271 
-37.48314232409382 44.621268656716424 31.178780207881584 
-26.05457089552239 44.621268656716424 31.178780207881584 
-14.625999466950972 44.621268656716424 31.178780207881584 
-3.1974280383795275 45.621268656716424 29.44672940031271 
8.231143390191903 45.621268656716424 29.44672940031271 
19.65971481876332 47.621268656716424 25.98262778517495 
31.08828624733475 47.621268656716424 25.98262778517495 
42.516857675906195 49.621268656716424 22.518526170037198 
53.94542910447761 49.621268656716424 22.518526170037198 
-106.05457089552239 42.82227878349309 19.800855544865122 
-94.62599946695096 42.82227878349309 19.800855544865122 
-83.19742803837954 39.9938516587469 22.629282669611314 
-71.7688566098081 39.28674487756035 23.33638945079786 
-60.34028518123668 38.5796380963738 24.04349623198441 
-48.91171375266524 38.5796380963738 24.04349623198441 
-37.48314232409382 37.16542453400071 25.457709794357505 
-26.05457089552239 37.16542453400071 25.457709794357505 
-14.625999466950972 37.16542453400071 25.457709794357505 
-3.1974280383795275 38.5796380963738 24.04349623198441 
8.231143390191903 38.5796380963738 24.04349623198441 
19.65971481876332 41.40806522112 21.215069107238218 
31.08828624733475 41.40806522112 21.215069107238218 
42.516857675906195 44.23649234586618 18.38664198249203 
53.94542910447761 44.23649234586618 18.38664198249203 
-106.05457089552239 38.37255735075213 14.00186567164179 
-94.62599946695096 38.37255735075213 14.00186567164179 
-83.19742803837954 34.90845573561438 16.00186567164179 
-71.7688566098081 34.04243033182994 16.501865671641788 
-60.34028518123668 33.1764049280455 17.001865671641788 
-48.91171375266524 33.1764049280455 17.001865671641788 
-37.48314232409382 31.444354120476625 18.001865671641788 
-26.05457089552239 31.444354120476625 18.001865671641788 
-14.625999466950972 31.444354120476625 18.001865671641788 
-3.1974280383795275 33.1764049280455 17.001865671641788 
8.231143390191903 33.1764049280455 17.001865671641788 
19.65971481876332 36.64050654318326 15.00186567164179 
31.08828624733475 36.64050654318326 15.00186567164179 
42.516857675906195 40.104608158321014 13.00186567164179 
53.94542910447761 40.104608158321014 13.00186567164179 
-106.05457089552239 35.575345520622506 7.24879893451238 
-94.62599946695096 35.575345520622506 7.24879893451238 
-83.19742803837954 31.711642215466235 8.284075114922464 
-71.7688566098081 30.745716389177165 8.542894160024986 
-60.34028518123668 29.779790562888095 8.801713205127506 
-48.91171375266524 29.779790562888095 8.801713205127506 
-37.48314232409382 27.847938910309963 9.319351295332549 
-26.05457089552239 27.847938910309963 9.319351295332549 
-14.625999466950972 27.847938910309963 9.319351295332549 
-3.1974280383795275 29.779790562888095 8.801713205127506 
8.231143390191903 29.779790562888095 8.801713205127506 
19.65971481876332 33.643493868044374 7.766437024717422 
31.08828624733475 33.643493868044374 7.766437024717422 
42.516857675906195 37.507197173200645 6.731160844307338 
53.94542910447761 37.507197173200645 6.731160844307338 
-106.05457089552239 34.62126865671642 0.001865671641795029 
-94.62599946695096 34.62126865671642 0.001865671641795029 
-83.19742803837954 30.621268656716417 0.0018656716417955188 
-71.7688566098081 29.621268656716417 0.001865671641795641 
-60.34028518123668 28.621268656716417 0.0018656716417957636 
-48.91171375266524 28.621268656716417 0.0018656716417957636 
-37.48314232409382 26.621268656716417 0.0018656716417960087 
-26.05457089552239 26.621268656716417 0.0018656716417960087 
-14.625999466950972 26.621268656716417 0.0018656716417960087 
-3.1974280383795275 28.621268656716417 0.0018656716417957636 
8.231143390191903 28.621268656716417 0.0018656716417957636 
19.65971481876332 32.62126865671642 0.0018656716417952738 
31.08828624733475 32.62126865671642 0.0018656716417952738 
42.516857675906195 36.62126865671642 0.001865671641794784 
53.94542910447761 36.62126865671642 0.001865671641794784 
-106.05457089552239 35.575345520622506 -7.2450675912287785 
-94.62599946695096 35.575345520622506 -7.2450675912287785 
-83.19742803837954 31.711642215466227 -8.28034377163886 
-71.7688566098081 30.745716389177158 -8.53916281674138 
-60.34028518123668 29.77979056288809 -8.797981861843901 
-48.91171375266524 29.77979056288809 -8.797981861843901 
-37.48314232409382 27.847938910309956 -9.315619952048941 
-26.05457089552239 27.847938910309956 -9.315619952048941 
-14.625999466950972 27.847938910309956 -9.315619952048941
-3.1974280383795275 29.77979056288809 -8.797981861843901 
8.231143390191903 29.77979056288809 -8.797981861843901 
19.65971481876332 33.64349386804436 -7.762705681433819 
31.08828624733475 33.64349386804436 -7.762705681433819 
42.516857675906195 37.50719717320064 -6.727429501023738 
53.94542910447761 37.50719717320064 -6.727429501023738 
-106.05457089552239 38.37255735075213 -13.998134328358212 
-94.62599946695096 38.37255735075213 -13.998134328358212 
-83.19742803837954 34.90845573561438 -15.998134328358212 
-71.7688566098081 34.04243033182995 -16.498134328358212 
-60.34028518123668 33.1764049280455 -16.998134328358212 
-48.91171375266524 33.1764049280455 -16.998134328358212 
-37.48314232409382 31.44435412047663 -17.998134328358212 
-26.05457089552239 31.44435412047663 -17.998134328358212 
-14.625999466950972 31.44435412047663 -17.998134328358212 
-3.1974280383795275 33.1764049280455 -16.998134328358212 
8.231143390191903 33.1764049280455 -16.998134328358212 
19.65971481876332 36.640506543183264 -14.998134328358212 
31.08828624733475 36.640506543183264 -14.998134328358212 
42.516857675906195 40.104608158321014 -12.998134328358212 
53.94542910447761 40.104608158321014 -12.998134328358212 
-106.05457089552239 42.82227878349308 -19.797124201581536 
-94.62599946695096 42.82227878349308 -19.797124201581536 
-83.19742803837954 39.99385165874689 -22.625551326327727 
-71.7688566098081 39.286744877560345 -23.332658107514273 
-60.34028518123668 38.5796380963738 -24.039764888700823 
-48.91171375266524 38.5796380963738 -24.039764888700823 
-37.48314232409382 37.1654245340007 -25.45397845107392 
-26.05457089552239 37.1654245340007 -25.45397845107392 
-14.625999466950972 37.1654245340007 -25.45397845107392 
-3.1974280383795275 38.5796380963738 -24.039764888700823 
8.231143390191903 38.5796380963738 -24.039764888700823 
19.65971481876332 41.40806522111998 -21.21133776395463 
31.08828624733475 41.40806522111998 -21.21133776395463 
42.516857675906195 44.23649234586618 -18.382910639208443 
53.94542910447761 44.23649234586618 -18.382910639208443 
-106.05457089552239 48.6212686567164 -24.246845634322483 
-94.62599946695096 48.6212686567164 -24.246845634322483 
-83.19742803837954 46.6212686567164 -27.710947249460236 
-71.7688566098081 46.1212686567164 -28.576972653244674 
-60.34028518123668 45.6212686567164 -29.44299805702911 
-48.91171375266524 45.6212686567164 -29.44299805702911 
-37.48314232409382 44.6212686567164 -31.17504886459799 
-26.05457089552239 44.6212686567164 -31.17504886459799 
-14.625999466950972 44.6212686567164 -31.17504886459799 
-3.1974280383795275 45.6212686567164 -29.44299805702911 
8.231143390191903 45.6212686567164 -29.44299805702911 
19.65971481876332 47.6212686567164 -25.97889644189136 
31.08828624733475 47.6212686567164 -25.97889644189136 
42.516857675906195 49.62126865671641 -22.514794826753604 
53.94542910447761 49.62126865671641 -22.514794826753604 
-106.05457089552239 55.37433539384584 -27.04405746445212 
-94.62599946695096 55.37433539384584 -27.04405746445212 
-83.19742803837954 54.33905921343576 -30.907760769608394 
-71.7688566098081 54.08024016833323 -31.873686595897464 
-60.34028518123668 53.821421123230714 -32.839612422186526
-48.91171375266524 53.821421123230714 -32.839612422186526
-37.48314232409382 53.303783033025674 -34.771464074764665
-26.05457089552239 53.303783033025674 -34.771464074764665
-14.625999466950972 53.303783033025674 -34.771464074764665
-3.1974280383795275 53.821421123230714 -32.839612422186526
8.231143390191903 53.821421123230714 -32.839612422186526
19.65971481876332 54.8566973036408 -28.97590911703026
31.08828624733475 54.8566973036408 -28.97590911703026
42.516857675906195 55.89197348405088 -25.112205811873984
53.94542910447761 55.89197348405088 -25.112205811873984
-106.05457089552239 62.62126865671641 -27.99813432835821
-94.62599946695096 62.62126865671641 -27.99813432835821
-83.19742803837954 62.62126865671641 -31.99813432835821
-71.7688566098081 62.62126865671641 -32.998134328358205
-60.34028518123668 62.62126865671641 -33.998134328358205
-48.91171375266524 62.62126865671641 -33.998134328358205
-37.48314232409382 62.62126865671641 -35.998134328358205
-26.05457089552239 62.62126865671641 -35.998134328358205
-14.625999466950972 62.62126865671641 -35.998134328358205
-3.1974280383795275 62.62126865671641 -33.998134328358205
8.231143390191903 62.62126865671641 -33.998134328358205
19.65971481876332 62.62126865671641 -29.99813432835821
31.08828624733475 62.62126865671641 -29.99813432835821
42.516857675906195 62.62126865671641 -25.99813432835821
53.94542910447761 62.62126865671641 -25.99813432835821
-106.05457089552239 69.868201919587 -27.044057464452123
-94.62599946695096 69.868201919587 -27.044057464452123
-83.19742803837954 70.90347809999707 -30.907760769608398
-71.7688566098081 71.16229714509959 -31.873686595897468
-60.34028518123668 71.4211161902021 -32.83961242218653
-48.91171375266524 71.4211161902021 -32.83961242218653
-37.48314232409382 71.93875428040715 -34.771464074764665
-26.05457089552239 71.93875428040715 -34.771464074764665
-14.625999466950972 71.93875428040715 -34.771464074764665
-3.1974280383795275 71.4211161902021 -32.83961242218653
8.231143390191903 71.4211161902021 -32.83961242218653
19.65971481876332 70.38584000979202 -28.975909117030263
31.08828624733475 70.38584000979202 -28.975909117030263
42.516857675906195 69.35056382938194 -25.112205811873988
53.94542910447761 69.35056382938194 -25.112205811873988
-106.05457089552239 76.62126865671642 -24.24684563432249
-94.62599946695096 76.62126865671642 -24.24684563432249
-83.19742803837954 78.62126865671642 -27.710947249460244
-71.7688566098081 79.12126865671642 -28.57697265324468
-60.34028518123668 79.62126865671642 -29.442998057029122
-48.91171375266524 79.62126865671642 -29.442998057029122
-37.48314232409382 80.62126865671642 -31.175048864597997
-26.05457089552239 80.62126865671642 -31.175048864597997
-14.625999466950972 80.62126865671642 -31.175048864597997
-3.1974280383795275 79.62126865671642 -29.442998057029122
8.231143390191903 79.62126865671642 -29.442998057029122
19.65971481876332 77.62126865671642 -25.978896441891365
31.08828624733475 77.62126865671642 -25.978896441891365
42.516857675906195 75.62126865671642 -22.51479482675361
53.94542910447761 75.62126865671642 -22.51479482675361
-106.05457089552239 82.42025852993974 -19.797124201581543
-94.62599946695096 82.42025852993974 -19.797124201581543
-83.19742803837954 85.24868565468593 -22.625551326327734
-71.7688566098081 85.95579243587248 -23.33265810751428
-60.34028518123668 86.66289921705902 -24.03976488870083
-48.91171375266524 86.66289921705902 -24.03976488870083
-37.48314232409382 88.07711277943213 -25.453978451073926
-26.05457089552239 88.07711277943213 -25.453978451073926
-14.625999466950972 88.07711277943213 -25.453978451073926
-3.1974280383795275 86.66289921705902 -24.03976488870083
8.231143390191903 86.66289921705902 -24.03976488870083
19.65971481876332 83.83447209231284 -21.21133776395464
31.08828624733475 83.83447209231284 -21.21133776395464
42.516857675906195 81.00604496756665 -18.382910639208447
53.94542910447761 81.00604496756665 -18.382910639208447
-106.05457089552239 86.86997996268069 -13.998134328358221
-94.62599946695096 86.86997996268069 -13.998134328358221
-83.19742803837954 90.33408157781844 -15.998134328358223
-71.7688566098081 91.20010698160289 -16.498134328358223
-60.34028518123668 92.06613238538732 -16.998134328358223
-48.91171375266524 92.06613238538732 -16.998134328358223
-37.48314232409382 93.7981831929562 -17.998134328358223
-26.05457089552239 93.7981831929562 -17.998134328358223
-14.625999466950972 93.7981831929562 -17.998134328358223
-3.1974280383795275 92.06613238538732 -16.998134328358223
8.231143390191903 92.06613238538732 -16.998134328358223
19.65971481876332 88.60203077024957 -14.998134328358223
31.08828624733475 88.60203077024957 -14.998134328358223
42.516857675906195 85.1379291551118 -12.99813432835822
53.94542910447761 85.1379291551118 -12.99813432835822
-106.05457089552239 89.66719179281033 -7.245067591228787
-94.62599946695096 89.66719179281033 -7.245067591228787
-83.19742803837954 93.5308950979666 -8.28034377163887
-71.7688566098081 94.49682092425567 -8.53916281674139
-60.34028518123668 95.46274675054474 -8.797981861843912
-48.91171375266524 95.46274675054474 -8.797981861843912
-37.48314232409382 97.39459840312287 -9.315619952048953
-26.05457089552239 97.39459840312287 -9.315619952048953
-14.625999466950972 97.39459840312287 -9.315619952048953
-3.1974280383795275 95.46274675054474 -8.797981861843912
8.231143390191903 95.46274675054474 -8.797981861843912
19.65971481876332 91.59904344538847 -7.762705681433829
31.08828624733475 91.59904344538847 -7.762705681433829
42.516857675906195 87.7353401402322 -6.727429501023746
53.94542910447761 87.7353401402322 -6.727429501023746
-106.05457089552239 90.62126865671641 0.0018656716417847418
-94.62599946695096 90.62126865671641 0.0018656716417847418
-83.19742803837954 94.62126865671641 0.0018656716417837622
-71.7688566098081 95.62126865671641 0.0018656716417835171
-60.34028518123668 96.62126865671641 0.0018656716417832723
-48.91171375266524 96.62126865671641 0.0018656716417832723
-37.48314232409382 98.62126865671641 0.0018656716417827825
-26.05457089552239 98.62126865671641 0.0018656716417827825
-14.625999466950972 98.62126865671641 0.0018656716417827825
-3.1974280383795275 96.62126865671641 0.0018656716417832723
8.231143390191903 96.62126865671641 0.0018656716417832723
19.65971481876332 92.62126865671641 0.001865671641784252
31.08828624733475 92.62126865671641 0.001865671641784252
42.516857675906195 88.62126865671641 0.0018656716417852317
53.94542910447761 88.62126865671641 0.0018656716417852317
-18.05457089552239 47.62126865671642 0.0018656716417915999
-18.05457089552239 39.28793532338308 0.0018656716417915999
-26.05457089552239 30.954601990049753 0.0018656716417915999
-26.05457089552239 22.621268656716417 0.0018656716417915999
-28.05457089552239 14.287935323383088 0.0018656716417915999
-28.05457089552239 5.9546019900497456 0.0018656716417915999
-28.05457089552239 -2.378731343283583 0.0018656716417915999
-28.05457089552239 -10.712064676616926 0.0018656716417915999
-30.05457089552239 -19.04539800995024 0.0018656716417915999
-30.05457089552239 -27.37873134328359 0.0018656716417915999
-32.05457089552239 -35.71206467661693 0.0018656716417915999
-32.05457089552239 -44.04539800995025 0.0018656716417915999
-32.05457089552239 -52.37873134328359 0.0018656716417915999
-19.743177513516954 47.62126865671642 9.578429684760515
-19.743177513516954 39.28793532338308 9.578429684760515
-27.26071847980422 30.954601990049753 6.842268538155166
-27.26071847980422 22.621268656716417 6.842268538155166
-29.140103721376036 14.287935323383088 6.158228251503829
-29.140103721376036 5.9546019900497456 6.158228251503829
-29.140103721376036 -2.378731343283583 6.158228251503829
-29.140103721376036 -10.712064676616926 6.158228251503829
-31.019488962947854 -19.04539800995024 5.474187964852491
-31.019488962947854 -27.37873134328359 5.474187964852491
-32.89887420451967 -35.71206467661693 4.790147678201153
-32.89887420451967 -44.04539800995025 4.790147678201153
-32.89887420451967 -52.37873134328359 4.790147678201153
-24.605326488191004 47.62126865671642 17.99991874286489
-24.605326488191004 39.28793532338308 17.99991874286489
-30.733682033142827 30.954601990049753 12.857617865372577
-30.733682033142827 22.621268656716417 12.857617865372577
-32.265770919380785 14.287935323383088 11.572042645999499
-32.265770919380785 5.9546019900497456 11.572042645999499
-32.265770919380785 -2.378731343283583 11.572042645999499
-32.265770919380785 -10.712064676616926 11.572042645999499
-33.79785980561874 -19.04539800995024 10.28646742662642
-33.79785980561874 -27.37873134328359 10.28646742662642
-35.3299486918567 -35.71206467661693 9.00089220725334
-35.3299486918567 -44.04539800995025 9.00089220725334
-35.3299486918567 -52.37873134328359 9.00089220725334
-32.05457089552239 47.62126865671642 24.250576977606073
-32.05457089552239 39.28793532338308 24.250576977606073
-36.05457089552239 30.954601990049753 17.322373747330563
-36.05457089552239 22.621268656716417 17.322373747330563
-37.05457089552239 14.287935323383088 15.590322939761686
-37.05457089552239 5.9546019900497456 15.590322939761686
-37.05457089552239 -2.378731343283583 15.590322939761686
-37.05457089552239 -10.712064676616926 15.590322939761686
-38.05457089552239 -19.04539800995024 13.858272132192809
-38.05457089552239 -27.37873134328359 13.858272132192809
-39.05457089552239 -35.71206467661693 12.126221324623932
-39.05457089552239 -44.04539800995025 12.126221324623932
-39.05457089552239 -52.37873134328359 12.126221324623932
-41.19242192084834 47.62126865671642 27.576482755983616
-41.19242192084834 39.28793532338308 27.576482755983616
-42.58160734218378 30.954601990049753 19.69802073188595
-42.58160734218378 22.621268656716417 19.69802073188595
-42.92890369751764 14.287935323383088 17.728405225861536
-42.92890369751764 5.9546019900497456 17.728405225861536
-42.92890369751764 -2.378731343283583 17.728405225861536
-42.92890369751764 -10.712064676616926 17.728405225861536
-43.2762000528515 -19.04539800995024 15.75878971983712
-43.2762000528515 -27.37873134328359 15.75878971983712
-43.62349640818536 -35.71206467661693 13.789174213812704
-43.62349640818536 -44.04539800995025 13.789174213812704
-43.62349640818536 -52.37873134328359 13.789174213812704
-50.91671987019644 47.62126865671642 27.576482755983616
-50.91671987019644 39.28793532338308 27.576482755983616
-49.52753444886099 30.954601990049753 19.69802073188595
-49.52753444886099 22.621268656716417 19.69802073188595
-49.18023809352714 14.287935323383088 17.728405225861536
-49.18023809352714 5.9546019900497456 17.728405225861536
-49.18023809352714 -2.378731343283583 17.728405225861536
-49.18023809352714 -10.712064676616926 17.728405225861536
-48.83294173819327 -19.04539800995024 15.75878971983712
-48.83294173819327 -27.37873134328359 15.75878971983712
-48.48564538285942 -35.71206467661693 13.789174213812704
-48.48564538285942 -44.04539800995025 13.789174213812704
-48.48564538285942 -52.37873134328359 13.789174213812704
-60.05457089552238 47.62126865671642 24.250576977606077
-60.05457089552238 39.28793532338308 24.250576977606077
-56.05457089552239 30.954601990049753 17.322373747330566
-56.05457089552239 22.621268656716417 17.322373747330566
-55.05457089552239 14.287935323383088 15.590322939761688
-55.05457089552239 5.9546019900497456 15.590322939761688
-55.05457089552239 -2.378731343283583 15.590322939761688
-55.05457089552239 -10.712064676616926 15.590322939761688
-54.05457089552239 -19.04539800995024 13.85827213219281
-54.05457089552239 -27.37873134328359 13.85827213219281
-53.05457089552239 -35.71206467661693 12.126221324623934
-53.05457089552239 -44.04539800995025 12.126221324623934
-53.05457089552239 -52.37873134328359 12.126221324623934
-67.50381530285377 47.62126865671642 17.999918742864896
-67.50381530285377 39.28793532338308 17.999918742864896
-61.37545975790195 30.954601990049753 12.857617865372582
-61.37545975790195 22.621268656716417 12.857617865372582
-59.84337087166399 14.287935323383088 11.572042645999502
-59.84337087166399 5.9546019900497456 11.572042645999502
-59.84337087166399 -2.378731343283583 11.572042645999502
-59.84337087166399 -10.712064676616926 11.572042645999502
-58.311281985426035 -19.04539800995024 10.286467426626423
-58.311281985426035 -27.37873134328359 10.286467426626423
-56.77919309918808 -35.71206467661693 9.000892207253344
-56.77919309918808 -44.04539800995025 9.000892207253344
-56.77919309918808 -52.37873134328359 9.000892207253344
-72.36596427752782 47.62126865671642 9.57842968476052
-72.36596427752782 39.28793532338308 9.57842968476052
-64.84842331124055 30.954601990049753 6.842268538155169
-64.84842331124055 22.621268656716417 6.842268538155169
-62.96903806966874 14.287935323383088 6.158228251503831
-62.96903806966874 5.9546019900497456 6.158228251503831
-62.96903806966874 -2.378731343283583 6.158228251503831
-62.96903806966874 -10.712064676616926 6.158228251503831
-61.08965282809692 -19.04539800995024 5.474187964852494
-61.08965282809692 -27.37873134328359 5.474187964852494
-59.210267586525106 -35.71206467661693 4.790147678201156
-59.210267586525106 -44.04539800995025 4.790147678201156
-59.210267586525106 -52.37873134328359 4.790147678201156
-74.05457089552239 47.62126865671642 0.001865671641795029
-74.05457089552239 39.28793532338308 0.001865671641795029
-66.05457089552239 30.954601990049753 0.001865671641794049
-66.05457089552239 22.621268656716417 0.001865671641794049
-64.05457089552239 14.287935323383088 0.0018656716417938043
-64.05457089552239 5.9546019900497456 0.0018656716417938043
-64.05457089552239 -2.378731343283583 0.0018656716417938043
-64.05457089552239 -10.712064676616926 0.0018656716417938043
-62.05457089552239 -19.04539800995024 0.0018656716417935592
-62.05457089552239 -27.37873134328359 0.0018656716417935592
-60.05457089552239 -35.71206467661693 0.0018656716417933144
-60.05457089552239 -44.04539800995025 0.0018656716417933144
-60.05457089552239 -52.37873134328359 0.0018656716417933144
-72.36596427752782 47.62126865671642 -9.574698341476932
-72.36596427752782 39.28793532338308 -9.574698341476932
-64.84842331124057 30.954601990049753 -6.838537194871582
-64.84842331124057 22.621268656716417 -6.838537194871582
-62.96903806966874 14.287935323383088 -6.154496908220244
-62.96903806966874 5.9546019900497456 -6.154496908220244
-62.96903806966874 -2.378731343283583 -6.154496908220244
-62.96903806966874 -10.712064676616926 -6.154496908220244
-61.08965282809692 -19.04539800995024 -5.470456621568907
-61.08965282809692 -27.37873134328359 -5.470456621568907
-59.210267586525106 -35.71206467661693 -4.78641633491757
-59.210267586525106 -44.04539800995025 -4.78641633491757
-59.210267586525106 -52.37873134328359 -4.78641633491757
-67.50381530285378 47.62126865671642 -17.996187399581306
-67.50381530285378 39.28793532338308 -17.996187399581306
-61.37545975790195 30.954601990049753 -12.853886522088994
-61.37545975790195 22.621268656716417 -12.853886522088994
-59.84337087166399 14.287935323383088 -11.568311302715916
-59.84337087166399 5.9546019900497456 -11.568311302715916
-59.84337087166399 -2.378731343283583 -11.568311302715916
-59.84337087166399 -10.712064676616926 -11.568311302715916
-58.311281985426035 -19.04539800995024 -10.282736083342837
-58.311281985426035 -27.37873134328359 -10.282736083342837
-56.77919309918808 -35.71206467661693 -8.997160863969757
-56.77919309918808 -44.04539800995025 -8.997160863969757
-56.77919309918808 -52.37873134328359 -8.997160863969757
-60.0545708955224 47.62126865671642 -24.246845634322483
-60.0545708955224 39.28793532338308 -24.246845634322483
-56.054570895522396 30.954601990049753 -17.318642404046976
-56.054570895522396 22.621268656716417 -17.318642404046976
-55.054570895522396 14.287935323383088 -15.5865915964781
-55.054570895522396 5.9546019900497456 -15.5865915964781
-55.054570895522396 -2.378731343283583 -15.5865915964781
-55.054570895522396 -10.712064676616926 -15.5865915964781
-54.054570895522396 -19.04539800995024 -13.854540788909222
-54.054570895522396 -27.37873134328359 -13.854540788909222
-53.054570895522396 -35.71206467661693 -12.122489981340346
-53.054570895522396 -44.04539800995025 -12.122489981340346
-53.054570895522396 -52.37873134328359 -12.122489981340346
-50.91671987019644 47.62126865671642 -27.572751412700033
-50.91671987019644 39.28793532338308 -27.572751412700033
-49.52753444886099 30.954601990049753 -19.694289388602368
-49.52753444886099 22.621268656716417 -19.694289388602368
-49.18023809352714 14.287935323383088 -17.724673882577953
-49.18023809352714 5.9546019900497456 -17.724673882577953
-49.18023809352714 -2.378731343283583 -17.724673882577953
-49.18023809352714 -10.712064676616926 -17.724673882577953
-48.83294173819327 -19.04539800995024 -15.755058376553537
-48.83294173819327 -27.37873134328359 -15.755058376553537
-48.48564538285942 -35.71206467661693 -13.78544287052912
-48.48564538285942 -44.04539800995025 -13.78544287052912
-48.48564538285942 -52.37873134328359 -13.78544287052912
-41.192421920848346 47.62126865671642 -27.572751412700036
-41.192421920848346 39.28793532338308 -27.572751412700036
-42.58160734218379 30.954601990049753 -19.69428938860237
-42.58160734218379 22.621268656716417 -19.69428938860237
-42.92890369751765 14.287935323383088 -17.724673882577957
-42.92890369751765 5.9546019900497456 -17.724673882577957
-42.92890369751765 -2.378731343283583 -17.724673882577957
-42.92890369751765 -10.712064676616926 -17.724673882577957
-43.27620005285151 -19.04539800995024 -15.755058376553539
-43.27620005285151 -27.37873134328359 -15.755058376553539
-43.62349640818537 -35.71206467661693 -13.785442870529122
-43.62349640818537 -44.04539800995025 -13.785442870529122
-43.62349640818537 -52.37873134328359 -13.785442870529122
-32.05457089552239 47.62126865671642 -24.24684563432249
-32.05457089552239 39.28793532338308 -24.24684563432249
-36.05457089552239 30.954601990049753 -17.31864240404698
-36.05457089552239 22.621268656716417 -17.31864240404698
-37.05457089552239 14.287935323383088 -15.586591596478103
-37.05457089552239 5.9546019900497456 -15.586591596478103
-37.05457089552239 -2.378731343283583 -15.586591596478103
-37.05457089552239 -10.712064676616926 -15.586591596478103
-38.05457089552239 -19.04539800995024 -13.854540788909226
-38.05457089552239 -27.37873134328359 -13.854540788909226
-39.05457089552239 -35.71206467661693 -12.12248998134035
-39.05457089552239 -44.04539800995025 -12.12248998134035
-39.05457089552239 -52.37873134328359 -12.12248998134035
-24.60532648819101 47.62126865671642 -17.996187399581316
-24.60532648819101 39.28793532338308 -17.996187399581316
-30.733682033142834 30.954601990049753 -12.853886522089
-30.733682033142834 22.621268656716417 -12.853886522089
-32.265770919380785 14.287935323383088 -11.568311302715921
-32.265770919380785 5.9546019900497456 -11.568311302715921
-32.265770919380785 -2.378731343283583 -11.568311302715921
-32.265770919380785 -10.712064676616926 -11.568311302715921
-33.79785980561874 -19.04539800995024 -10.282736083342842
-33.79785980561874 -27.37873134328359 -10.282736083342842
-35.3299486918567 -35.71206467661693 -8.997160863969762
-35.3299486918567 -44.04539800995025 -8.997160863969762
-35.3299486918567 -52.37873134328359 -8.997160863969762
-19.74317751351696 47.62126865671642 -9.574698341476953
-19.74317751351696 39.28793532338308 -9.574698341476953
-27.260718479804225 30.954601990049753 -6.838537194871597
-27.260718479804225 22.621268656716417 -6.838537194871597
-29.140103721376043 14.287935323383088 -6.154496908220258
-29.140103721376043 5.9546019900497456 -6.154496908220258
-29.140103721376043 -2.378731343283583 -6.154496908220258
-29.140103721376043 -10.712064676616926 -6.154496908220258 
-31.01948896294786 -19.04539800995024 -5.470456621568919 
-31.01948896294786 -27.37873134328359 -5.470456621568919 
-32.89887420451967 -35.71206467661693 -4.786416334917581 
-32.89887420451967 -44.04539800995025 -4.786416334917581 
-32.89887420451967 -52.37873134328359 -4.786416334917581 
-18.05457089552239 47.62126865671642 0.0018656716417847418 
-18.05457089552239 39.28793532338308 0.0018656716417847418 
-26.05457089552239 30.954601990049753 0.0018656716417867012 
-26.05457089552239 22.621268656716417 0.0018656716417867012 
-28.05457089552239 14.287935323383088 0.001865671641787191 
-28.05457089552239 5.9546019900497456 0.001865671641787191
-28.05457089552239 -2.378731343283583 0.001865671641787191 
-28.05457089552239 -10.712064676616926 0.001865671641787191 
-30.05457089552239 -19.04539800995024 0.001865671641787681 
-30.05457089552239 -27.37873134328359 0.001865671641787681
-32.05457089552239 -35.71206467661693 0.0018656716417881707 
-32.05457089552239 -44.04539800995025 0.0018656716417881707 
-32.05457089552239 -52.37873134328359 0.0018656716417881707 
53.94542910447761 88.62126865671641 0.0018656716417915999 
57.69542910447761 88.62126865671641 0.0018656716417915999
61.44542910447761 86.62126865671641 0.0018656716417915999 
65.19542910447761 86.62126865671641 0.0018656716417915999 
68.94542910447761 84.62126865671641 0.0018656716417915999 
72.69542910447761 84.62126865671641 0.0018656716417915999 
76.44542910447761 82.62126865671641 0.0018656716417915999 
80.19542910447761 82.62126865671641 0.0018656716417915999 
83.94542910447761 82.62126865671641 0.0018656716417915999 
53.94542910447761 86.64213650200988 9.951634913134125 
57.69542910447761 86.64213650200988 9.951634913134125 
61.44542910447761 84.7943774369873 9.186268048403946 
65.19542910447761 84.7943774369873 9.186268048403946 
68.94542910447761 82.94661837196472 8.420901183673767 
72.69542910447761 82.94661837196472 8.420901183673767 
76.44542910447761 81.09885930694216 7.655534318943587
80.19542910447761 81.09885930694216 7.655534318943587 
83.94542910447761 81.09885930694216 7.655534318943587 
53.94542910447761 81.00604496756665 18.386641982492026 
57.69542910447761 81.00604496756665 18.386641982492026 
61.44542910447761 79.59183140519356 16.97242842011893 
65.19542910447761 79.59183140519356 16.97242842011893 
68.94542910447761 78.17761784282047 15.558214857745835 
72.69542910447761 78.17761784282047 15.558214857745835 
76.44542910447761 76.76340428044736 14.14400129537274 
80.19542910447761 76.76340428044736 14.14400129537274 
83.94542910447761 76.76340428044736 14.14400129537274 
53.94542910447761 72.57103789820874 24.022733516935247 
57.69542910447761 72.57103789820874 24.022733516935247 
61.44542910447761 71.80567103347857 22.17497445191267 
65.19542910447761 71.80567103347857 22.17497445191267 
68.94542910447761 71.04030416874839 20.3272153868901 
72.69542910447761 71.04030416874839 20.3272153868901 
76.44542910447761 70.27493730401821 18.479456321867527 
80.19542910447761 70.27493730401821 18.479456321867527 
83.94542910447761 70.27493730401821 18.479456321867527 
53.94542910447761 62.62126865671642 26.00186567164179 
57.69542910447761 62.62126865671642 26.00186567164179 
61.44542910447761 62.62126865671642 24.00186567164179 
65.19542910447761 62.62126865671642 24.00186567164179 
68.94542910447761 62.62126865671642 22.00186567164179
72.69542910447761 62.62126865671642 22.00186567164179 
76.44542910447761 62.62126865671642 20.00186567164179 
80.19542910447761 62.62126865671642 20.00186567164179 
83.94542910447761 62.62126865671642 20.00186567164179 
53.94542910447761 52.67149941522408 24.022733516935247 
57.69542910447761 52.67149941522408 24.022733516935247 
61.44542910447761 53.43686627995426 22.17497445191267 
65.19542910447761 53.43686627995426 22.17497445191267 
68.94542910447761 54.20223314468444 20.3272153868901 
72.69542910447761 54.20223314468444 20.3272153868901
76.44542910447761 54.967600009414625 18.479456321867527
80.19542910447761 54.967600009414625 18.479456321867527
83.94542910447761 54.967600009414625 18.479456321867527
53.94542910447761 44.23649234586618 18.38664198249203
57.69542910447761 44.23649234586618 18.38664198249203
61.44542910447761 45.650705908239274 16.972428420118934
65.19542910447761 45.650705908239274 16.972428420118934
68.94542910447761 47.064919470612374 15.558214857745838
72.69542910447761 47.064919470612374 15.558214857745838
76.44542910447761 48.479133032985466 14.144001295372743
80.19542910447761 48.479133032985466 14.144001295372743
83.94542910447761 48.479133032985466 14.144001295372743
53.94542910447761 38.60040081142296 9.951634913134129
57.69542910447761 38.60040081142296 9.951634913134129
61.44542910447761 40.44815987644554 9.18626804840395
65.19542910447761 40.44815987644554 9.18626804840395
68.94542910447761 42.29591894146811 8.420901183673768
72.69542910447761 42.29591894146811 8.420901183673768
76.44542910447761 44.14367800649068 7.655534318943589
80.19542910447761 44.14367800649068 7.655534318943589
83.94542910447761 44.14367800649068 7.655534318943589
53.94542910447761 36.62126865671642 0.001865671641794784
57.69542910447761 36.62126865671642 0.001865671641794784
61.44542910447761 38.62126865671642 0.001865671641794539
65.19542910447761 38.62126865671642 0.001865671641794539
68.94542910447761 40.62126865671642 0.001865671641794294
72.69542910447761 40.62126865671642 0.001865671641794294
76.44542910447761 42.62126865671642 0.001865671641794049
80.19542910447761 42.62126865671642 0.001865671641794049
83.94542910447761 42.62126865671642 0.001865671641794049
53.94542910447761 38.60040081142296 -9.94790356985054
57.69542910447761 38.60040081142296 -9.94790356985054
61.44542910447761 40.44815987644553 -9.182536705120361
65.19542910447761 40.44815987644553 -9.182536705120361
68.94542910447761 42.2959189414681 -8.417169840390182
72.69542910447761 42.2959189414681 -8.417169840390182
76.44542910447761 44.14367800649068 -7.651802975660002
80.19542910447761 44.14367800649068 -7.651802975660002
83.94542910447761 44.14367800649068 -7.651802975660002
53.94542910447761 44.23649234586618 -18.382910639208443
57.69542910447761 44.23649234586618 -18.382910639208443
61.44542910447761 45.650705908239274 -16.968697076835348
65.19542910447761 45.650705908239274 -16.968697076835348
68.94542910447761 47.06491947061237 -15.554483514462252
72.69542910447761 47.06491947061237 -15.554483514462252
76.44542910447761 48.47913303298546 -14.140269952089158
80.19542910447761 48.47913303298546 -14.140269952089158
83.94542910447761 48.47913303298546 -14.140269952089158
53.94542910447761 52.67149941522407 -24.019002173651657
57.69542910447761 52.67149941522407 -24.019002173651657
61.44542910447761 53.436866279954245 -22.171243108629092
65.19542910447761 53.436866279954245 -22.171243108629092
68.94542910447761 54.20223314468443 -20.32348404360652
72.69542910447761 54.20223314468443 -20.32348404360652
76.44542910447761 54.96760000941461 -18.475724978583937
80.19542910447761 54.96760000941461 -18.475724978583937
83.94542910447761 54.96760000941461 -18.475724978583937
53.94542910447761 62.62126865671641 -25.99813432835821
57.69542910447761 62.62126865671641 -25.99813432835821
61.44542910447761 62.62126865671641 -23.99813432835821
65.19542910447761 62.62126865671641 -23.99813432835821
68.94542910447761 62.62126865671641 -21.99813432835821
72.69542910447761 62.62126865671641 -21.99813432835821
76.44542910447761 62.62126865671641 -19.99813432835821
80.19542910447761 62.62126865671641 -19.99813432835821
83.94542910447761 62.62126865671641 -19.99813432835821
53.94542910447761 72.57103789820876 -24.01900217365166
57.69542910447761 72.57103789820876 -24.01900217365166
61.44542910447761 71.80567103347857 -22.171243108629085
65.19542910447761 71.80567103347857 -22.171243108629085
68.94542910447761 71.04030416874839 -20.323484043606513
72.69542910447761 71.04030416874839 -20.323484043606513
76.44542910447761 70.27493730401821 -18.47572497858394
80.19542910447761 70.27493730401821 -18.47572497858394
83.94542910447761 70.27493730401821 -18.47572497858394
53.94542910447761 81.00604496756665 -18.382910639208447
57.69542910447761 81.00604496756665 -18.382910639208447
61.44542910447761 79.59183140519355 -16.96869707683535
65.19542910447761 79.59183140519355 -16.96869707683535
68.94542910447761 78.17761784282045 -15.554483514462255
72.69542910447761 78.17761784282045 -15.554483514462255
76.44542910447761 76.76340428044736 -14.140269952089163
80.19542910447761 76.76340428044736 -14.140269952089163
83.94542910447761 76.76340428044736 -14.140269952089163
53.94542910447761 86.64213650200986 -9.947903569850558
57.69542910447761 86.64213650200986 -9.947903569850558
61.44542910447761 84.7943774369873 -9.18253670512038
65.19542910447761 84.7943774369873 -9.18253670512038
68.94542910447761 82.94661837196473 -8.4171698403902
72.69542910447761 82.94661837196473 -8.4171698403902
76.44542910447761 81.09885930694215 -7.651802975660017
80.19542910447761 81.09885930694215 -7.651802975660017
83.94542910447761 81.09885930694215 -7.651802975660017
53.94542910447761 88.62126865671641 0.0018656716417852317
57.69542910447761 88.62126865671641 0.0018656716417852317
61.44542910447761 86.62126865671641 0.0018656716417857215
65.19542910447761 86.62126865671641 0.0018656716417857215
68.94542910447761 84.62126865671641 0.0018656716417862114
72.69542910447761 84.62126865671641 0.0018656716417862114
76.44542910447761 82.62126865671641 0.0018656716417867012
80.19542910447761 82.62126865671641 0.0018656716417867012
83.94542910447761 82.62126865671641 0.0018656716417867012
83.94542910447761 80.62126865671641 0.0018656716417915999
88.32042910447761 74.62126865671641 0.0018656716417915999
92.69542910447761 68.62126865671641 0.0018656716417915999
97.07042910447761 68.62126865671641 0.0018656716417915999
101.44542910447761 68.62126865671641 0.0018656716417915999
105.82042910447761 68.62126865671641 0.0018656716417915999
110.19542910447761 68.62126865671641 0.0018656716417915999
114.57042910447761 65.62126865671641 0.0018656716417915999
118.94542910447761 62.62126865671642 0.0018656716417915999
83.94542910447761 78.2097259248363 9.00186567164179
88.32042910447761 73.01357350212967 6.001865671641791
92.69542910447761 67.81742107942304 3.001865671641791
97.07042910447761 67.81742107942304 3.001865671641791
101.44542910447761 67.81742107942304 3.001865671641791
105.82042910447761 67.81742107942304 3.001865671641791
110.19542910447761 67.81742107942304 3.001865671641791
114.57042910447761 65.21934486806973 1.5018656716417913
118.94542910447761 62.62126865671642 0.0018656716417915999
83.94542910447761 71.62126865671641 15.590322939761686
88.32042910447761 68.62126865671641 10.394170517055056
92.69542910447761 65.62126865671641 5.1980180943484235
97.07042910447761 65.62126865671641 5.1980180943484235
101.44542910447761 65.62126865671641 5.1980180943484235
105.82042910447761 65.62126865671641 5.1980180943484235
110.19542910447761 65.62126865671641 5.1980180943484235
114.57042910447761 64.12126865671641 2.5999418829951075
118.94542910447761 62.62126865671642 0.0018656716417915999
83.94542910447761 62.62126865671642 18.00186567164179
88.32042910447761 62.62126865671642 12.001865671641792
92.69542910447761 62.62126865671642 6.0018656716417915
97.07042910447761 62.62126865671642 6.0018656716417915
101.44542910447761 62.62126865671642 6.0018656716417915
105.82042910447761 62.62126865671642 6.0018656716417915
110.19542910447761 62.62126865671642 6.0018656716417915
114.57042910447761 62.62126865671642 3.0018656716417915
118.94542910447761 62.62126865671642 0.0018656716417915999
83.94542910447761 53.621268656716424 15.590322939761688
88.32042910447761 56.621268656716424 10.394170517055056
92.69542910447761 59.62126865671642 5.1980180943484235
97.07042910447761 59.62126865671642 5.1980180943484235
101.44542910447761 59.62126865671642 5.1980180943484235
105.82042910447761 59.62126865671642 5.1980180943484235
110.19542910447761 59.62126865671642 5.1980180943484235
114.57042910447761 61.12126865671642 2.5999418829951075
118.94542910447761 62.62126865671642 0.0018656716417915999
83.94542910447761 47.03281138859652 9.00186567164179
88.32042910447761 52.22896381130315 6.001865671641791
92.69542910447761 57.425116234009785 3.001865671641791
97.07042910447761 57.425116234009785 3.001865671641791
101.44542910447761 57.425116234009785 3.001865671641791
105.82042910447761 57.425116234009785 3.001865671641791
110.19542910447761 57.425116234009785 3.001865671641791 
114.57042910447761 60.0231924453631 1.5018656716417913 
118.94542910447761 62.62126865671642 0.0018656716417915999 
83.94542910447761 44.62126865671642 0.0018656716417938043
88.32042910447761 50.62126865671642 0.0018656716417930694 
92.69542910447761 56.62126865671642 0.0018656716417923347 
97.07042910447761 56.62126865671642 0.0018656716417923347 
101.44542910447761 56.62126865671642 0.0018656716417923347 
105.82042910447761 56.62126865671642 0.0018656716417923347
110.19542910447761 56.62126865671642 0.0018656716417923347 
114.57042910447761 59.62126865671642 0.0018656716417919672 
118.94542910447761 62.62126865671642 0.0018656716417915999 
83.94542910447761 47.03281138859652 -8.99813432835821 
88.32042910447761 52.22896381130315 -5.99813432835821 
92.69542910447761 57.425116234009785 -2.9981343283582094 
97.07042910447761 57.425116234009785 -2.9981343283582094 
101.44542910447761 57.425116234009785 -2.9981343283582094 
105.82042910447761 57.425116234009785 -2.9981343283582094 
110.19542910447761 57.425116234009785 -2.9981343283582094 
114.57042910447761 60.0231924453631 -1.498134328358209 
118.94542910447761 62.62126865671642 0.0018656716417915999 
83.94542910447761 53.62126865671641 -15.5865915964781 
88.32042910447761 56.62126865671641 -10.390439173771469 
92.69542910447761 59.62126865671641 -5.194286751064839 
97.07042910447761 59.62126865671641 -5.194286751064839 
101.44542910447761 59.62126865671641 -5.194286751064839 
105.82042910447761 59.62126865671641 -5.194286751064839 
110.19542910447761 59.62126865671641 -5.194286751064839 
114.57042910447761 61.12126865671642 -2.5962105397115236 
118.94542910447761 62.62126865671642 0.0018656716417915999 
83.94542910447761 62.62126865671641 -17.99813432835821 
88.32042910447761 62.62126865671641 -11.998134328358208 
92.69542910447761 62.62126865671642 -5.9981343283582085 
97.07042910447761 62.62126865671642 -5.9981343283582085 
101.44542910447761 62.62126865671642 -5.9981343283582085 
105.82042910447761 62.62126865671642 -5.9981343283582085 
110.19542910447761 62.62126865671642 -5.9981343283582085 
114.57042910447761 62.62126865671642 -2.9981343283582085 
118.94542910447761 62.62126865671642 0.0018656716417915999 
83.94542910447761 71.62126865671641 -15.586591596478103 
88.32042910447761 68.62126865671641 -10.390439173771473 
92.69542910447761 65.62126865671641 -5.1942867510648405 
97.07042910447761 65.62126865671641 -5.19428667510648405 
101.44542910447761 65.62126865671641 -5.1942867510648405 
105.82042910447761 65.62126865671641 -5.1942867510648405 
110.19542910447761 65.62126865671641 -5.1942867510648405 
114.57042910447761 64.12126865671641 -2.5962105397115245 
118.94542910447761 62.62126865671642 0.0018656716417915999 
83.94542910447761 78.2097259248363 -8.998134328358216 
88.32042910447761 73.01357350212967 -5.998134328358214 
92.69542910447761 67.81742107942304 -2.998134328358211 
97.07042910447761 67.81742107942304 -2.998134328358211 
101.44542910447761 67.81742107942304 -2.998134328358211 
105.82042910447761 67.81742107942304 -2.998134328358211 
110.19542910447761 67.81742107942304 -2.998134328358211 
114.57042910447761 65.21934486806973 -1.4981343283582098 
118.94542910447761 62.62126865671642 0.0018656716417915999 
83.94542910447761 80.62126865671641 0.001865671641787191 
88.32042910447761 74.62126865671641 0.0018656716417886608 
92.69542910447761 68.62126865671641 0.0018656716417901303 
97.07042910447761 68.62126865671641 0.0018656716417901303 
101.44542910447761 68.62126865671641 0.0018656716417901303 
105.82042910447761 68.62126865671641 0.0018656716417901303
110.19542910447761 68.62126865671641 0.0018656716417901303 
114.57042910447761 65.62126865671641 0.001865671641790865 
118.94542910447761 62.62126865671642 0.0018656716417915999 
-36.05457089552239 22.621268656716417 6.0018656716417915 
-36.05457089552239 22.621268656716417 21.00186567164179 
-36.05457089552239 -2.378731343283583 21.00186567164179 
-36.05457089552239 -2.378731343283583 6.0018656716417915 
-46.05457089552239 22.621268656716417 6.0018656716417915 
-46.05457089552239 22.621268656716417 21.00186567164179 
-46.05457089552239 -2.378731343283583 21.00186567164179 
-46.05457089552239 -2.378731343283583 6.0018656716417915 
-91.05457089552239 -52.37873134328359 -34.998134328358205 
-1.0545708955223887 -52.37873134328359 -34.998134328358205 
-1.0545708955223887 -52.37873134328359 35.001865671641795 
-91.05457089552239 -52.37873134328359 35.001865671641795 
-91.05457089552239 -67.37873134328359 -34.998134328358205 
-1.0545708955223887 -67.37873134328359 -34.998134328358205 
-1.0545708955223887 -67.37873134328359 35.001865671641795 
-91.05457089552239 -67.37873134328359 35.001865671641795 
-86.05457089552239 -67.37873134328359 -29.99813432835821 
-6.054570895522389 -67.37873134328359 -29.99813432835821 
-6.054570895522389 -67.37873134328359 30.00186567164179 
-86.05457089552239 -67.37873134328359 30.00186567164179 
-86.05457089552239 -92.37873134328359 -29.99813432835821 
-6.054570895522389 -92.37873134328359 -29.99813432835821 
-6.054570895522389 -92.37873134328359 30.00186567164179 
-86.05457089552239 -92.37873134328359 30.00186567164179 
-81.05457089552239 -92.37873134328359 -24.99813432835821 
-11.054570895522389 -92.37873134328359 -24.99813432835821 
-11.054570895522389 -92.37873134328359 25.00186567164179 
-81.05457089552239 -92.37873134328359 25.00186567164179 
-81.05457089552239 -102.37873134328359 -24.9981343283582 
-11.054570895522389 -102.37873134328359 -24.99813432835821 
-11.054570895522389 -102.37873134328359 25.00186567164179 
-81.05457089552239 -102.37873134328359 25.00186567164179 
-76.05457089552239 -102.37873134328359 -19.99813432835821 
-16.05457089552239 -102.37873134328359 -19.99813432835821 
-16.05457089552239 -97.37873134328359 20.00186567164179 
-76.05457089552239 -97.37873134328359 20.00186567164179 
-81.05457089552239 -105.37873134328359 -24.99813432835821 
-76.05457089552239 -105.37873134328359 -24.99813432835821 
-76.05457089552239 -95.37873134328359 25.00186567164179 
-81.05457089552239 -95.37873134328359 25.00186567164179 
-16.05457089552239 -105.37873134328359 -24.99813432835821 
-11.054570895522389 -105.37873134328359 -24.99813432835821
-11.054570895522389 -95.37873134328359 25.00186567164179 
-16.05457089552239 -95.37873134328359 25.00186567164179 
-81.05457089552239 -105.37873134328359 -29.99813432835821
-11.054570895522389 -105.37873134328359 -29.99813432835821 
-11.054570895522389 -103.37873134328359 -24.99813432835821 
-81.05457089552239 -103.37873134328359 -24.99813432835821 
58.94542910447761 88.62126865671641 0.0018656716417915999 
60.94542910447761 90.62126865671641 0.0018656716417915999 
58.94542910447761 86.64213650200988 9.951634913134125 
60.94542910447761 88.48989556703245 10.717001777864306 
58.94542910447761 81.00604496756665 18.386641982492026 
60.94542910447761 82.42025852993974 19.80085554486512 
58.94542910447761 72.57103789820874 24.022733516935247 
60.94542910447761 73.33640476293894 25.87049258195782 
58.94542910447761 62.62126865671642 26.00186567164179 
60.94542910447761 62.62126865671642 28.00186567164179 
58.94542910447761 52.67149941522408 24.022733516935247 
60.94542910447761 51.90613255049391 25.87049258195782 
58.94542910447761 44.23649234586618 18.38664198249203
60.94542910447761 42.82227878349309 19.800855544865122
58.94542910447761 38.60040081142296 9.951634913134129
60.94542910447761 36.752641746400386 10.717001777864308
58.94542910447761 36.62126865671642 0.001865671641794784
60.94542910447761 34.62126865671642 0.001865671641795029
58.94542910447761 38.60040081142296 -9.94790356985054
60.94542910447761 36.752641746400386 -10.71327043458072
58.94542910447761 44.23649234586618 -18.382910639208443
60.94542910447761 42.82227878349308 -19.797124201581536
58.94542910447761 52.67149941522407 -24.019002173651657
60.94542910447761 51.906132550493886 -25.866761238674233
58.94542910447761 62.62126865671641 -25.99813432835821
60.94542910447761 62.62126865671641 -27.99813432835821
58.94542910447761 72.57103789820876 -24.01900217365166
60.94542910447761 73.33640476293894 -25.866761238674233
58.94542910447761 81.00604496756665 -18.382910639208447
60.94542910447761 82.42025852993974 -19.797124201581543
58.94542910447761 86.64213650200986 -9.947903569850558
60.94542910447761 88.48989556703245 -10.713270434580739
58.94542910447761 88.62126865671641 0.0018656716417852317
60.94542910447761 90.62126865671641 0.0018656716417847418
-106.05457089552239 62.62126865671642 0.0018656716417915999
-106.05457089552239 90.62126865671641 0.0018656716417915999
-106.05457089552239 89.66719179281033 7.248798934512372
-106.05457089552239 86.8699799626807 14.00186567164179
-106.05457089552239 82.42025852993974 19.80085554486512
-106.05457089552239 76.62126865671642 24.250576977606073
-106.05457089552239 69.868201919587 27.047788807735703
-106.05457089552239 62.62126865671642 28.00186567164179
-106.05457089552239 55.37433539384583 27.047788807735703
-106.05457089552239 48.621268656716424 24.250576977606077
-106.05457089552239 42.82227878349309 19.800855544865122
-106.05457089552239 38.37255735075213 14.00186567164179
-106.05457089552239 35.575345520622506 7.24879893451238
-106.05457089552239 34.62126865671642 0.001865671641795029
-106.05457089552239 35.575345520622506 -7.2450675912287785
-106.05457089552239 38.37255735075213 -13.998134328358212
-106.05457089552239 42.82227878349308 -19.797124201581536
-106.05457089552239 48.6212686567164 -24.246845634322483
-106.05457089552239 55.37433539384584 -27.04405746445212
-106.05457089552239 62.62126865671641 -27.99813432835821
-106.05457089552239 69.868201919587 -27.044057464452123
-106.05457089552239 76.62126865671642 -24.24684563432249
-106.05457089552239 82.42025852993974 -19.797124201581543
-106.05457089552239 86.86997996268069 -13.998134328358221
-106.05457089552239 89.66719179281033 -7.245067591228787
-106.05457089552239 90.62126865671641 0.0018656716417847418
83.94542910447761 62.62126865671642 0.0018656716417915999
83.94542910447761 82.62126865671641 0.0018656716417915999
83.94542910447761 81.09885930694216 7.655534318943587
83.94542910447761 76.76340428044736 14.14400129537274
83.94542910447761 70.27493730401821 18.479456321867527
83.94542910447761 62.62126865671642 20.00186567164179
83.94542910447761 54.967600009414625 18.479456321867527
83.94542910447761 48.479133032985466 14.144001295372743
83.94542910447761 44.14367800649068 7.655534318943589
83.94542910447761 42.62126865671642 0.001865671641794049
83.94542910447761 44.14367800649068 -7.651802975660002
83.94542910447761 48.47913303298546 -14.140269952089158
83.94542910447761 54.96760000941461 -18.475724978583937
83.94542910447761 62.62126865671641 -19.99813432835821
83.94542910447761 70.27493730401821 -18.47572497858394
83.94542910447761 76.76340428044736 -14.140269952089163
83.94542910447761 81.09885930694215 -7.651802975660017
83.94542910447761 82.62126865671641 0.0018656716417867012
118.94542910447761 62.62126865671642 0.0018656716417915999
118.94542910447761 63.62126865671642 0.0018656716417915999
118.94542910447761 63.48729406050086 0.5018656716417915
118.94542910447761 63.12126865671642 0.8678910754262302
118.94542910447761 62.62126865671642 1.0018656716417915
118.94542910447761 62.12126865671642 0.8678910754262303
118.94542910447761 61.755243252931976 0.5018656716417915
118.94542910447761 61.62126865671642 0.0018656716417917224
118.94542910447761 61.755243252931976 -0.49813432835820853
118.94542910447761 62.12126865671642 -0.8641597321426467
118.94542910447761 62.62126865671642 -0.9981343283582084
118.94542910447761 63.12126865671642 -0.864159732142647
118.94542910447761 63.48729406050086 -0.49813432835820887
118.94542910447761 63.62126865671642 0.0018656716417913548
-46.05457089552239 47.62126865671642 0.0018656716417915999
-18.05457089552239 47.62126865671642 0.0018656716417915999
-19.743177513516954 47.62126865671642 9.578429684760515
-24.605326488191004 47.62126865671642 17.99991874286489
-32.05457089552239 47.62126865671642 24.250576977606073
-41.19242192084834 47.62126865671642 27.576482755983616
-50.91671987019644 47.62126865671642 27.576482755983616
-60.05457089552238 47.62126865671642 24.250576977606077
-67.50381530285377 47.62126865671642 17.999918742864896
-72.36596427752782 47.62126865671642 9.57842968476052
-74.05457089552239 47.62126865671642 0.001865671641795029
-72.36596427752782 47.62126865671642 -9.574698341476932
-67.50381530285378 47.62126865671642 -17.996187399581306
-60.0545708955224 47.62126865671642 -24.246845634322483
-50.91671987019644 47.62126865671642 -27.572751412700033
-41.192421920848346 47.62126865671642 -27.572751412700036
-32.05457089552239 47.62126865671642 -24.24684563432249
-24.60532648819101 47.62126865671642 -17.996187399581316
-19.74317751351696 47.62126865671642 -9.574698341476953
-18.05457089552239 47.62126865671642 0.0018656716417847418
-46.05457089552239 -52.37873134328359 0.0018656716417915999
-32.05457089552239 -52.37873134328359 0.0018656716417915999
-32.89887420451967 -52.37873134328359 4.790147678201153
-35.3299486918567 -52.37873134328359 9.00089220725334
-39.05457089552239 -52.37873134328359 12.126221324623932
-43.62349640818536 -52.37873134328359 13.789174213812704
-48.48564538285942 -52.37873134328359 13.789174213812704
-53.05457089552239 -52.37873134328359 12.126221324623934
-56.77919309918808 -52.37873134328359 9.000892207253344
-59.210267586525106 -52.37873134328359 4.790147678201156
-60.05457089552239 -52.37873134328359 0.0018656716417933144
-59.210267586525106 -52.37873134328359 -4.78641633491757
-56.77919309918808 -52.37873134328359 -8.997160863969757
-53.054570895522396 -52.37873134328359 -12.122489981340346
-48.48564538285942 -52.37873134328359 -13.78544287052912
-43.62349640818537 -52.37873134328359 -13.785442870529122
-39.05457089552239 -52.37873134328359 -12.12248998134035
-35.3299486918567 -52.37873134328359 -8.997160863969762
-32.89887420451967 -52.37873134328359 -4.786416334917581
-32.05457089552239 -52.37873134328359 0.0018656716417881707
Faces:
1 16 17 2.
2 17 18 3.
3 18 19 4.
4 19 20 5.
5 20 21 6.
6 21 22 7.
7 22 23 8.
8 23 24 9.
9 24 25 10.
10 25 26 11.
11 26 27 12.
12 27 28 13.
13 28 29 14.
14 29 30 15.
16 31 32 17.
17 32 33 18.
18 33 34 19.
19 34 35 20.
20 35 36 21.
21 36 37 22.
22 37 38 23.
23 38 39 24.
24 39 40 25.
25 40 41 26.
26 41 42 27.
27 42 43 28.
28 43 44 29.
29 44 45 30.
31 46 47 32.
32 47 48 33.
33 48 49 34.
34 49 50 35.
35 50 51 36.
36 51 52 37.
37 52 53 38.
38 53 54 39.
39 54 55 40.
40 55 56 41.
41 56 57 42.
42 57 58 43.
43 58 59 44.
44 59 60 45.
46 61 62 47.
47 62 63 48.
48 63 64 49.
49 64 65 50.
50 65 66 51.
51 66 67 52.
52 67 68 53.
53 68 69 54.
54 69 70 55.
55 70 71 56.
56 71 72 57.
57 72 73 58.
58 73 74 59.
59 74 75 60.
61 76 77 62.
62 77 78 63.
63 78 79 64.
64 79 80 65.
65 80 81 66.
66 81 82 67.
67 82 83 68.
68 83 84 69.
69 84 85 70.
70 85 86 71.
71 86 87 72.
72 87 88 73.
73 88 89 74.
74 89 90 75.
76 91 92 77.
77 92 93 78.
78 93 94 79.
79 94 95 80.
80 95 96 81.
81 96 97 82.
82 97 98 83.
83 98 99 84.
84 99 100 85.
85 100 101 86.
86 101 102 87.
87 102 103 88.
88 103 104 89.
89 104 105 90.
91 106 107 92.
92 107 108 93.
93 108 109 94.
94 109 110 95.
95 110 111 96.
96 111 112 97.
97 112 113 98.
98 113 114 99.
99 114 115 100.
100 115 116 101.
101 116 117 102.
102 117 118 103.
103 118 119 104.
104 119 120 105.
106 121 122 107.
107 122 123 108.
108 123 124 109.
109 124 125 110.
110 125 126 111.
111 126 127 112.
112 127 128 113.
113 128 129 114.
114 129 130 115.
115 130 131 116.
116 131 132 117.
117 132 133 118.
118 133 134 119.
119 134 135 120.
121 136 137 122.
122 137 138 123.
123 138 139 124.
124 139 140 125.
125 140 141 126.
126 141 142 127.
127 142 143 128.
128 143 144 129.
129 144 145 130.
130 145 146 131.
131 146 147 132.
132 147 148 133.
133 148 149 134.
134 149 150 135.
136 151 152 137.
137 152 153 138.
138 153 154 139.
139 154 155 140.
140 155 156 141.
141 156 157 142.
142 157 158 143.
143 158 159 144.
144 159 160 145.
145 160 161 146.
146 161 162 147.
147 162 163 148.
148 163 164 149.
149 164 165 150.
151 166 167 152.
152 167 168 153.
153 168 169 154.
154 169 170 155.
155 170 171 156.
156 171 172 157.
157 172 173 158.
158 173 174 159.
159 174 175 160.
160 175 176 161.
161 176 177 162.
162 177 178 163.
163 178 179 164.
164 179 180 165.
166 181 182 167.
167 182 183 168.
168 183 184 169.
169 184 185 170.
170 185 186 171.
171 186 187 172.
172 187 188 173.
173 188 189 174.
174 189 190 175.
175 190 191 176.
176 191 192 177.
177 192 193 178.
178 193 194 179.
179 194 195 180.
181 196 197 182.
182 197 198 183.
183 198 199 184.
184 199 200 185.
185 200 201 186.
186 201 202 187.
187 202 203 188.
188 203 204 189.
189 204 205 190.
190 205 206 191.
191 206 207 192.
192 207 208 193.
193 208 209 194.
194 209 210 195.
196 211 212 197.
197 212 213 198.
198 213 214 199
199 214 215 200.
200 215 216 201.
201 216 217 202.
202 217 218 203.
203 218 219 204.
204 219 220 205.
205 220 221 206.
206 221 222 207.
207 222 223 208.
208 223 224 209.
209 224 225 210.
211 226 227 212.
212 227 228 213.
213 228 229 214.
214 229 230 215.
215 230 231 216.
216 231 232 217.
217 232 233 218.
218 233 234 219.
219 234 235 220.
220 235 236 221.
221 236 237 222.
222 237 238 223.
223 238 239 224.
224 239 240 225.
226 241 242 227.
227 242 243 228.
228 243 244 229.
229 244 245 230.
230 245 246 231.
231 246 247 232.
232 247 248 233.
233 248 249 234.
234 249 250 235.
235 250 251 236.
236 251 252 237.
237 252 253 238.
238 253 254 239.
239 254 255 240.
241 256 257 242.
242 257 258 243.
243 258 259 244.
244 259 260 245.
245 260 261 246.
246 261 262 247.
247 262 263 248.
248 263 264 249.
249 264 265 250.
250 265 266 251.
251 266 267 252.
252 267 268 253.
253 268 269 254.
254 269 270 255.
256 271 272 257.
257 272 273 258.
258 273 274 259.
259 274 275 260.
260 275 276 261.
261 276 277 262.
262 277 278 263.
263 278 279 264.
264 279 280 265.
265 280 281 266.
266 281 282 267.
267 282 283 268.
268 283 284 269.
269 284 285 270.
271 286 287 272.
272 287 288 273.
273 288 289 274.
274 289 290 275.
275 290 291 276.
276 291 292 277.
277 292 293 278.
278 293 294 279.
279 294 295 280.
280 295 296 281.
281 296 297 282.
282 297 298 283.
283 298 299 284.
284 299 300 285.
286 301 302 287.
287 302 303 288.
288 303 304 289.
289 304 305 290.
290 305 306 291.
291 306 307 292.
292 307 308 293.
293 308 309 294.
294 309 310 295.
295 310 311 296.
296 311 312 297.
297 312 313 298.
298 313 314 299.
299 314 315 300.
301 316 317 302.
302 317 318 303.
303 318 319 304.
304 319 320 305.
305 320 321 306.
306 321 322 307.
307 322 323 308.
308 323 324 309.
309 324 325 310.
310 325 326 311.
311 326 327 312.
312 327 328 313.
313 328 329 314.
314 329 330 315.
316 331 332 317.
317 332 333 318.
318 333 334 319.
319 334 335 320.
320 335 336 321.
321 336 337 322
322 337 338 323.
323 338 339 324.
324 339 340 325.
325 340 341 326.
326 341 342 327.
327 342 343 328.
328 343 344 329.
329 344 345 330.
331 346 347 332.
332 347 348 333.
333 348 349 334.
334 349 350 335
335 350 351 336.
336 351 352 337.
337 352 353 338.
338 353 354 339.
339 354 355 340.
340 355 356 341.
341 356 357 342.
342 357 358 343.
343 358 359 344.
344 359 360 345.
346 361 362 347.
347 362 363 348.
348 363 364 349.
349 364 365 350.
350 365 366 351.
351 366 367 352.
352 367 368 353.
353 368 369 354.
354 369 370 355.
355 370 371 356.
356 371 372 357.
357 372 373 358.
358 373 374 359.
359 374 375 360.
376 389 390 377.
377 390 391 378.
378 391 392 379.
379 392 393 380.
380 393 394 381.
381 394 395 382.
382 395 396 383.
383 396 397 384.
384 397 398 385.
385 398 399 386.
386 399 400 387.
387 400 401 388.
389 402 403 390.
390 403 404 391.
391 404 405 392.
392 405 406 393.
393 406 407 394.
394 407 408 395.
395 408 409 396.
396 409 410 397.
397 410 411 398.
398 411 412 399.
399 412 413 400.
400 413 414 401.
402 415 416 403.
403 416 417 404.
404 417 418 405.
405 418 419 406
406 419 420 407.
407 420 421 408.
408 421 422 409.
409 422 423 410.
410 423 424 411.
411 424 425 412.
412 425 426 413.
413 426 427 414
415 428 429 416.
416 429 430 417.
417 430 431 418.
418 431 432 419.
419 432 433 420.
420 433 434 421.
421 434 435 422.
422 435 436 423.
423 436 437 424.
424 437 438 425.
425 438 439 426.
426 439 440 427.
428 441 442 429.
429 442 443 430
430 443 444 431.
431 444 445 432.
432 445 446 433.
433 446 447 434.
434 447 448 435.
435 448 449 436.
436 449 450 437.
437 450 451 438.
438 451 452 439.
439 452 453 440.
441 454 455 442.
442 455 456 443.
443 456 457 444.
444 457 458 445.
445 458 459 446.
446 459 460 447.
447 460 461 448.
448 461 462 449.
449 462 463 450.
450 463 464 451.
451 464 465 452.
452 465 466 453.
454 467 468 455.
455 468 469 456.
456 469 470 457.
457 470 471 458.
458 471 472 459.
459 472 473 460.
460 473 474 461.
461 474 475 462.
462 475 476 463.
463 476 477 464.
464 477 478 465.
465 478 479 466.
467 480 481 468.
468 481 482 469.
469 482 483 470.
470 483 484 471.
471 484 485 472.
472 485 486 473.
473 486 487 474.
474 487 488 475.
475 488 489 476.
476 489 490 477.
477 490 491 478.
478 491 492 479.
480 493 494 481.
481 494 495 482.
482 495 496 483.
483 496 497 484.
484 497 498 485.
485 498 499 486.
486 499 500 487.
487 500 501 488.
488 501 502 489.
489 502 503 490.
490 503 504 491.
491 504 505 492.
493 506 507 494.
494 507 508 495.
495 508 509 496.
496 509 510 497.
497 510 511 498.
498 511 512 499.
499 512 513 500.
500 513 514 501.
501 514 515 502.
502 515 516 503.
503 516 517 504.
504 517 518 505.
506 519 520 507.
507 520 521 508.
508 521 522 509.
509 522 523 510.
510 523 524 511.
511 524 525 512.
512 525 526 513.
513 526 527 514.
514 527 528 515.
515 528 529 516.
516 529 530 517.
517 530 531 518.
519 532 533 520.
520 533 534 521.
521 534 535 522.
522 535 536 523.
523 536 537 524.
524 537 538 525.
525 538 539 526.
526 539 540 527.
527 540 541 528.
528 541 542 529.
529 542 543 530.
530 543 544 531.
532 545 546 533.
533 546 547 534.
534 547 548 535.
535 548 549 536.
536 549 550 537.
537 550 551 538.
538 551 552 539.
539 552 553 540.
540 553 554 541.
541 554 555 542.
542 555 556 543.
543 556 557 544.
545 558 559 546.
546 559 560 547.
547 560 561 548.
548 561 562 549.
549 562 563 550.
550 563 564 551.
551 564 565 552.
552 565 566 553.
553 566 567 554.
554 567 568 555.
555 568 569 556.
556 569 570 557.
558 571 572 559.
559 572 573 560.
560 573 574 561.
561 574 575 562.
562 575 576 563.
563 576 577 564.
564 577 578 565.
565 578 579 566.
566 579 580 567.
567 580 581 568.
568 581 582 569.
569 582 583 570.
571 584 585 572.
572 585 586 573.
573 586 587 574.
574 587 588 575.
575 588 589 576.
576 589 590 577.
577 590 591 578.
578 591 592 579.
579 592 593 580.
580 593 594 581.
581 594 595 582.
582 595 596 583.
584 597 598 585.
585 598 599 586.
586 599 600 587.
587 600 601 588.
588 601 602 589.
589 602 603 590.
590 603 604 591.
591 604 605 592.
592 605 606 593.
593 606 607 594.
594 607 608 595.
595 608 609 596.
597 610 611 598.
598 611 612 599.
599 612 613 600.
600 613 614 601.
601 614 615 602.
602 615 616 603.
603 616 617 604.
604 617 618 605.
605 618 619 606.
606 619 620 607.
607 620 621 608.
608 621 622 609.
623 632 633 624.
624 633 634 625.
625 634 635 626.
626 635 636 627.
627 636 637 628.
628 637 638 629.
629 638 639 630.
630 639 640 631.
632 641 642 633.
633 642 643 634.
634 643 644 635.
635 644 645 636.
636 645 646 637.
637 646 647 638.
638 647 648 639.
639 648 649 640.
641 650 651 642.
642 651 652 643.
643 652 653 644.
644 653 654 645.
645 654 655 646.
646 655 656 647.
647 656 657 648.
648 657 658 649.
650 659 660 651.
651 660 661 652.
652 661 662 653.
653 662 663 654.
654 663 664 655.
655 664 665 656.
656 665 666 657.
657 666 667 658.
659 668 669 660.
660 669 670 661.
661 670 671 662.
662 671 672 663.
663 672 673 664.
664 673 674 665.
665 674 675 666.
666 675 676 667.
668 677 678 669.
669 678 679 670.
670 679 680 671.
671 680 681 672.
672 681 682 673.
673 682 683 674.
674 683 684 675.
675 684 685 676.
677 686 687 678.
678 687 688 679.
679 688 689 680.
680 689 690 681.
681 690 691 682.
682 691 692 683.
683 692 693 684.
684 693 694 685.
686 695 696 687.
687 696 697 688.
688 697 698 689.
689 698 699 690.
690 699 700 691.
691 700 701 692.
692 701 702 693.
693 702 703 694.
695 704 705 696.
696 705 706 697.
697 706 707 698.
698 707 708 699.
699 708 709 700.
700 709 710 701.
701 710 711 702.
702 711 712 703.
704 713 714 705.
705 714 715 706.
706 715 716 707.
707 716 717 708.
708 717 718 709.
709 718 719 710.
710 719 720 711.
711 720 721 712.
713 722 723 714.
714 723 724 715.
715 724 725 716.
716 725 726 717.
717 726 727 718.
718 727 728 719.
719 728 729 720.
720 729 730 721.
722 731 732 723.
723 732 733 724.
724 733 734 725.
725 734 735 726.
726 735 736 727.
727 736 737 728.
728 737 738 729.
729 738 739 730.
731 740 741 732.
732 741 742 733.
733 742 743 734.
734 743 744 735.
735 744 745 736.
736 745 746 737.
737 746 747 738.
738 747 748 739.
740 749 750 741.
741 750 751 742.
742 751 752 743.
743 752 753 744.
744 753 754 745.
745 754 755 746.
746 755 756 747.
747 756 757 748.
749 758 759 750.
750 759 760 751.
751 760 761 752.
752 761 762 753.
753 762 763 754.
754 763 764 755.
755 764 765 756.
756 765 766 757.
758 767 768 759.
759 768 769 760.
760 769 770 761.
761 770 771 762.
762 771 772 763.
763 772 773 764.
764 773 774 765.
765 774 775 766.
776 785 786 777.
777 786 787 778.
778 787 788 779.
779 788 789 780.
780 789 790 781.
781 790 791 782.
782 791 792 783.
783 792 793 784.
785 794 795 786.
786 795 796 787.
787 796 797 788.
788 797 798 789.
789 798 799 790.
790 799 800 791.
791 800 801 792.
792 801 802 793.
794 803 804 795.
795 804 805 796.
796 805 806 797.
797 806 807 798.
798 807 808 799.
799 808 809 800.
800 809 810 801.
801 810 811 802.
803 812 813 804.
804 813 814 805.
805 814 815 806.
806 815 816 807.
807 816 817 808.
808 817 818 809.
809 818 819 810.
810 819 820 811.
812 821 822 813.
813 822 823 814.
814 823 824 815.
815 824 825 816.
816 825 826 817.
817 826 827 818.
818 827 828 819.
819 828 829 820.
821 830 831 822.
822 831 832 823.
823 832 833 824.
824 833 834 825.
825 834 835 826.
826 835 836 827.
827 836 837 828.
828 837 838 829.
830 839 840 831.
831 840 841 832.
832 841 842 833.
833 842 843 834.
834 843 844 835.
835 844 845 836.
836 845 846 837.
837 846 847 838.
839 848 849 840.
840 849 850 841.
841 850 851 842.
842 851 852 843.
843 852 853 844.
844 853 854 845.
845 854 855 846.
846 855 856 847.
848 857 858 849.
849 858 859 850.
850 859 860 851.
851 860 861 852.
852 861 862 853.
853 862 863 854.
854 863 864 855.
855 864 865 856.
857 866 867 858.
858 867 868 859.
859 868 869 860.
860 869 870 861.
861 870 871 862.
862 871 872 863.
863 872 873 864.
864 873 874 865.
866 875 876 867.
867 876 877 868.
868 877 878 869.
869 878 879 870.
870 879 880 871.
871 880 881 872.
872 881 882 873.
873 882 883 874.
875 884 885 876.
876 885 886 877.
877 886 887 878.
878 887 888 879.
879 888 889 880.
880 889 890 881.
881 890 891 882.
882 891 892 883.
893 894 895 896.
897 898 899 900.
893 896 900 897.
894 895 899 898.
893 894 898 897.
896 895 899 900.
901 904 903 902.
901 902 906 905.
902 903 907 906.
903 904 908 907.
904 901 905 908.
905 906 907 908.
909 910 914 913.
910 911 915 914.
911 912 916 915.
912 909 913 916.
913 914 915 916.
917 918 922 921.
918 919 923 922.
919 920 924 923.
920 917 921 924.
921 922 923 924.
925 926 927 928.
929 930 931 932.
933 934 935 936.
937 938 939 940.
941 943 944 942.
943 945 946 944.
945 947 948 946.
947 949 950 948.
949 951 952 950.
951 953 954 952
953 955 956 954.
955 957 958 956.
957 959 960 958.
959 961 962 960.
961 963 964 962.
963 965 966 964.
965 967 968 966.
967 969 970 968.
969 971 972 970.
971 973 974 972.
975 976 977.
975 977 978.
975 978 979.
975 979 980.
975 980 981.
975 981 982.
975 982 983.
975 983 984.
975 984 985.
975 985 986.
975 986 987.
975 987 988.
975 988 989.
975 989 990.
975 990 991.
975 991 992.
975 992 993.
975 993 994.
975 994 995.
975 995 996.
975 996 997.
975 997 998.
975 998 999.
975 999 1000.
1001 1002 1003.
1001 1003 1004.
1001 1004 1005.
1001 1005 1006.
1001 1006 1007.
1001 1007 1008.
1001 1008 1009.
1001 1009 1010.
1001 1010 1011.
1001 1011 1012.
1001 1012 1013.
1001 1013 1014.
1001 1014 1015.
1001 1015 1016.
1001 1016 1017.
1001 1017 1018.
1019 1020 1021.
1019 1021 1022.
1019 1022 1023.
1019 1023 1024.
1019 1024 1025.
1019 1025 1026.
1019 1026 1027.
1019 1027 1028.
1019 1028 1029.
1019 1029 1030.
1019 1030 1031.
1019 1031 1032.
1033 1034 1035.
1033 1035 1036.
1033 1036 1037.
1033 1037 1038.
1033 1038 1039.
1033 1039 1040.
1033 1040 1041.
1033 1041 1042.
1033 1042 1043.
1033 1043 1044.
1033 1044 1045.
1033 1045 1046.
1033 1046 1047.
1033 1047 1048.
1033 1048 1049.
1033 1049 1050.
1033 1050 1051.
1033 1051 1052.
1053 1054 1055.
1053 1055 1056.
1053 1056 1057.
1053 1057 1058.
1053 1058 1059.
1053 1059 1060.
1053 1060 1061.
1053 1061 1062.
1053 1062 1063.
1053 1063 1064.
1053 1064 1065.
1053 1065 1066.
1053 1066 1067.
1053 1067 1068.
1053 1068 1069.
1053 1069 1070.
1053 1070 1071.
1053 1071 1072.